Mass (Solar Masses) | Distance (Units) | Information Density | QIR-HPC Correction
5.00 | 50.00 | 0.0100 | 4.515633
5.05 | 50.45 | 0.0101 | 4.535321
5.09 | 50.90 | 0.0102 | 4.554847
5.14 | 51.35 | 0.0103 | 4.574216
5.18 | 51.80 | 0.0104 | 4.593429
5.23 | 52.25 | 0.0105 | 4.612489
5.27 | 52.70 | 0.0105 | 4.631398
5.32 | 53.15 | 0.0106 | 4.650158
5.36 | 53.60 | 0.0107 | 4.668773
5.41 | 54.05 | 0.0108 | 4.687243
5.45 | 54.50 | 0.0109 | 4.705572
5.50 | 54.95 | 0.0110 | 4.723761
5.54 | 55.41 | 0.0111 | 4.741812
5.59 | 55.86 | 0.0112 | 4.759728
5.63 | 56.31 | 0.0113 | 4.777510
5.68 | 56.76 | 0.0114 | 4.795161
5.72 | 57.21 | 0.0114 | 4.812682
5.77 | 57.66 | 0.0115 | 4.830075
5.81 | 58.11 | 0.0116 | 4.847342
5.86 | 58.56 | 0.0117 | 4.864485
5.90 | 59.01 | 0.0118 | 4.881506
5.95 | 59.46 | 0.0119 | 4.898405
5.99 | 59.91 | 0.0120 | 4.915186
6.04 | 60.36 | 0.0121 | 4.931849
6.08 | 60.81 | 0.0122 | 4.948396
6.13 | 61.26 | 0.0123 | 4.964829
6.17 | 61.71 | 0.0123 | 4.981149
6.22 | 62.16 | 0.0124 | 4.997358
6.26 | 62.61 | 0.0125 | 5.013458
6.31 | 63.06 | 0.0126 | 5.029449
6.35 | 63.51 | 0.0127 | 5.045333
6.40 | 63.96 | 0.0128 | 5.061112
6.44 | 64.41 | 0.0129 | 5.076787
6.49 | 64.86 | 0.0130 | 5.092359
6.53 | 65.32 | 0.0131 | 5.107830
6.58 | 65.77 | 0.0132 | 5.123200
6.62 | 66.22 | 0.0132 | 5.138472
6.67 | 66.67 | 0.0133 | 5.153646
6.71 | 67.12 | 0.0134 | 5.168724
6.76 | 67.57 | 0.0135 | 5.183707
6.80 | 68.02 | 0.0136 | 5.198596
6.85 | 68.47 | 0.0137 | 5.213392
6.89 | 68.92 | 0.0138 | 5.228096
6.94 | 69.37 | 0.0139 | 5.242710
6.98 | 69.82 | 0.0140 | 5.257235
7.03 | 70.27 | 0.0141 | 5.271671
7.07 | 70.72 | 0.0141 | 5.286020
7.12 | 71.17 | 0.0142 | 5.300282
7.16 | 71.62 | 0.0143 | 5.314459
7.21 | 72.07 | 0.0144 | 5.328552
7.25 | 72.52 | 0.0145 | 5.342562
7.30 | 72.97 | 0.0146 | 5.356490
7.34 | 73.42 | 0.0147 | 5.370336
7.39 | 73.87 | 0.0148 | 5.384102
7.43 | 74.32 | 0.0149 | 5.397788
7.48 | 74.77 | 0.0150 | 5.411396
7.52 | 75.23 | 0.0150 | 5.424926
7.57 | 75.68 | 0.0151 | 5.438379
7.61 | 76.13 | 0.0152 | 5.451756
7.66 | 76.58 | 0.0153 | 5.465059
7.70 | 77.03 | 0.0154 | 5.478287
7.75 | 77.48 | 0.0155 | 5.491441
7.79 | 77.93 | 0.0156 | 5.504523
7.84 | 78.38 | 0.0157 | 5.517533
7.88 | 78.83 | 0.0158 | 5.530472
7.93 | 79.28 | 0.0159 | 5.543341
7.97 | 79.73 | 0.0159 | 5.556140
8.02 | 80.18 | 0.0160 | 5.568871
8.06 | 80.63 | 0.0161 | 5.581533
8.11 | 81.08 | 0.0162 | 5.594128
8.15 | 81.53 | 0.0163 | 5.606657
8.20 | 81.98 | 0.0164 | 5.619119
8.24 | 82.43 | 0.0165 | 5.631516
8.29 | 82.88 | 0.0166 | 5.643849
8.33 | 83.33 | 0.0167 | 5.656118
8.38 | 83.78 | 0.0168 | 5.668323
8.42 | 84.23 | 0.0168 | 5.680466
8.47 | 84.68 | 0.0169 | 5.692547
8.51 | 85.14 | 0.0170 | 5.704566
8.56 | 85.59 | 0.0171 | 5.716525
8.60 | 86.04 | 0.0172 | 5.728424
8.65 | 86.49 | 0.0173 | 5.740263
8.69 | 86.94 | 0.0174 | 5.752043
8.74 | 87.39 | 0.0175 | 5.763765
8.78 | 87.84 | 0.0176 | 5.775429
8.83 | 88.29 | 0.0177 | 5.787036
8.87 | 88.74 | 0.0177 | 5.798587
8.92 | 89.19 | 0.0178 | 5.810081
8.96 | 89.64 | 0.0179 | 5.821519
9.01 | 90.09 | 0.0180 | 5.832903
9.05 | 90.54 | 0.0181 | 5.844232
9.10 | 90.99 | 0.0182 | 5.855507
9.14 | 91.44 | 0.0183 | 5.866729
9.19 | 91.89 | 0.0184 | 5.877897
9.23 | 92.34 | 0.0185 | 5.889013
9.28 | 92.79 | 0.0186 | 5.900077
9.32 | 93.24 | 0.0186 | 5.911090
9.37 | 93.69 | 0.0187 | 5.922052
9.41 | 94.14 | 0.0188 | 5.932963
9.46 | 94.59 | 0.0189 | 5.943824
9.50 | 95.05 | 0.0190 | 5.954635
9.55 | 95.50 | 0.0191 | 5.965397
9.59 | 95.95 | 0.0192 | 5.976110
9.64 | 96.40 | 0.0193 | 5.986775
9.68 | 96.85 | 0.0194 | 5.997393
9.73 | 97.30 | 0.0195 | 6.007962
9.77 | 97.75 | 0.0195 | 6.018485
9.82 | 98.20 | 0.0196 | 6.028961
9.86 | 98.65 | 0.0197 | 6.039391
9.91 | 99.10 | 0.0198 | 6.049775
9.95 | 99.55 | 0.0199 | 6.060114
10.00 | 100.00 | 0.0200 | 6.070408
10.05 | 100.45 | 0.0201 | 6.080657
10.09 | 100.90 | 0.0202 | 6.090862
10.14 | 101.35 | 0.0203 | 6.101023
10.18 | 101.80 | 0.0204 | 6.111140
10.23 | 102.25 | 0.0205 | 6.121215
10.27 | 102.70 | 0.0205 | 6.131246
10.32 | 103.15 | 0.0206 | 6.141236
10.36 | 103.60 | 0.0207 | 6.151183
10.41 | 104.05 | 0.0208 | 6.161089
10.45 | 104.50 | 0.0209 | 6.170953
10.50 | 104.95 | 0.0210 | 6.180776
10.54 | 105.41 | 0.0211 | 6.190559
10.59 | 105.86 | 0.0212 | 6.200301
10.63 | 106.31 | 0.0213 | 6.210004
10.68 | 106.76 | 0.0214 | 6.219667
10.72 | 107.21 | 0.0214 | 6.229290
10.77 | 107.66 | 0.0215 | 6.238874
10.81 | 108.11 | 0.0216 | 6.248420
10.86 | 108.56 | 0.0217 | 6.257928
10.90 | 109.01 | 0.0218 | 6.267397
10.95 | 109.46 | 0.0219 | 6.276828
10.99 | 109.91 | 0.0220 | 6.286223
11.04 | 110.36 | 0.0221 | 6.295579
11.08 | 110.81 | 0.0222 | 6.304899
11.13 | 111.26 | 0.0223 | 6.314183
11.17 | 111.71 | 0.0223 | 6.323430
11.22 | 112.16 | 0.0224 | 6.332641
11.26 | 112.61 | 0.0225 | 6.341817
11.31 | 113.06 | 0.0226 | 6.350956
11.35 | 113.51 | 0.0227 | 6.360061
11.40 | 113.96 | 0.0228 | 6.369131
11.44 | 114.41 | 0.0229 | 6.378166
11.49 | 114.86 | 0.0230 | 6.387167
11.53 | 115.32 | 0.0231 | 6.396134
11.58 | 115.77 | 0.0232 | 6.405066
11.62 | 116.22 | 0.0232 | 6.413965
11.67 | 116.67 | 0.0233 | 6.422831
11.71 | 117.12 | 0.0234 | 6.431664
11.76 | 117.57 | 0.0235 | 6.440464
11.80 | 118.02 | 0.0236 | 6.449231
11.85 | 118.47 | 0.0237 | 6.457966
11.89 | 118.92 | 0.0238 | 6.466669
11.94 | 119.37 | 0.0239 | 6.475339
11.98 | 119.82 | 0.0240 | 6.483978
12.03 | 120.27 | 0.0241 | 6.492586
12.07 | 120.72 | 0.0241 | 6.501163
12.12 | 121.17 | 0.0242 | 6.509708
12.16 | 121.62 | 0.0243 | 6.518223
12.21 | 122.07 | 0.0244 | 6.526707
12.25 | 122.52 | 0.0245 | 6.535161
12.30 | 122.97 | 0.0246 | 6.543584
12.34 | 123.42 | 0.0247 | 6.551978
12.39 | 123.87 | 0.0248 | 6.560342
12.43 | 124.32 | 0.0249 | 6.568677
12.48 | 124.77 | 0.0250 | 6.576983
12.52 | 125.23 | 0.0250 | 6.585259
12.57 | 125.68 | 0.0251 | 6.593506
12.61 | 126.13 | 0.0252 | 6.601725
12.66 | 126.58 | 0.0253 | 6.609916
12.70 | 127.03 | 0.0254 | 6.618078
12.75 | 127.48 | 0.0255 | 6.626212
12.79 | 127.93 | 0.0256 | 6.634318
12.84 | 128.38 | 0.0257 | 6.642397
12.88 | 128.83 | 0.0258 | 6.650448
12.93 | 129.28 | 0.0259 | 6.658471
12.97 | 129.73 | 0.0259 | 6.666468
13.02 | 130.18 | 0.0260 | 6.674438
13.06 | 130.63 | 0.0261 | 6.682381
13.11 | 131.08 | 0.0262 | 6.690297
13.15 | 131.53 | 0.0263 | 6.698187
13.20 | 131.98 | 0.0264 | 6.706051
13.24 | 132.43 | 0.0265 | 6.713889
13.29 | 132.88 | 0.0266 | 6.721700
13.33 | 133.33 | 0.0267 | 6.729486
13.38 | 133.78 | 0.0268 | 6.737247
13.42 | 134.23 | 0.0268 | 6.744982
13.47 | 134.68 | 0.0269 | 6.752692
13.51 | 135.14 | 0.0270 | 6.760377
13.56 | 135.59 | 0.0271 | 6.768037
13.60 | 136.04 | 0.0272 | 6.775673
13.65 | 136.49 | 0.0273 | 6.783284
13.69 | 136.94 | 0.0274 | 6.790870
13.74 | 137.39 | 0.0275 | 6.798432
13.78 | 137.84 | 0.0276 | 6.805970
13.83 | 138.29 | 0.0277 | 6.813485
13.87 | 138.74 | 0.0277 | 6.820975
13.92 | 139.19 | 0.0278 | 6.828442
13.96 | 139.64 | 0.0279 | 6.835885
14.01 | 140.09 | 0.0280 | 6.843305
14.05 | 140.54 | 0.0281 | 6.850702
14.10 | 140.99 | 0.0282 | 6.858076
14.14 | 141.44 | 0.0283 | 6.865427
14.19 | 141.89 | 0.0284 | 6.872755
14.23 | 142.34 | 0.0285 | 6.880060
14.28 | 142.79 | 0.0286 | 6.887343
14.32 | 143.24 | 0.0286 | 6.894604
14.37 | 143.69 | 0.0287 | 6.901843
14.41 | 144.14 | 0.0288 | 6.909059
14.46 | 144.59 | 0.0289 | 6.916254
14.50 | 145.05 | 0.0290 | 6.923426
14.55 | 145.50 | 0.0291 | 6.930578
14.59 | 145.95 | 0.0292 | 6.937707
14.64 | 146.40 | 0.0293 | 6.944815
14.68 | 146.85 | 0.0294 | 6.951902
14.73 | 147.30 | 0.0295 | 6.958968
14.77 | 147.75 | 0.0295 | 6.966013
14.82 | 148.20 | 0.0296 | 6.973036
14.86 | 148.65 | 0.0297 | 6.980040
14.91 | 149.10 | 0.0298 | 6.987022
14.95 | 149.55 | 0.0299 | 6.993984
15.00 | 150.00 | 0.0300 | 7.000925
15.05 | 150.45 | 0.0301 | 7.007847
15.09 | 150.90 | 0.0302 | 7.014748
15.14 | 151.35 | 0.0303 | 7.021629
15.18 | 151.80 | 0.0304 | 7.028490
15.23 | 152.25 | 0.0305 | 7.035331
15.27 | 152.70 | 0.0305 | 7.042153
15.32 | 153.15 | 0.0306 | 7.048955
15.36 | 153.60 | 0.0307 | 7.055737
15.41 | 154.05 | 0.0308 | 7.062500
15.45 | 154.50 | 0.0309 | 7.069244
15.50 | 154.95 | 0.0310 | 7.075969
15.54 | 155.41 | 0.0311 | 7.082675
15.59 | 155.86 | 0.0312 | 7.089362
15.63 | 156.31 | 0.0313 | 7.096030
15.68 | 156.76 | 0.0314 | 7.102679
15.72 | 157.21 | 0.0314 | 7.109310
15.77 | 157.66 | 0.0315 | 7.115922
15.81 | 158.11 | 0.0316 | 7.122516
15.86 | 158.56 | 0.0317 | 7.129091
15.90 | 159.01 | 0.0318 | 7.135649
15.95 | 159.46 | 0.0319 | 7.142188
15.99 | 159.91 | 0.0320 | 7.148709
16.04 | 160.36 | 0.0321 | 7.155213
16.08 | 160.81 | 0.0322 | 7.161698
16.13 | 161.26 | 0.0323 | 7.168166
16.17 | 161.71 | 0.0323 | 7.174616
16.22 | 162.16 | 0.0324 | 7.181049
16.26 | 162.61 | 0.0325 | 7.187465
16.31 | 163.06 | 0.0326 | 7.193863
16.35 | 163.51 | 0.0327 | 7.200244
16.40 | 163.96 | 0.0328 | 7.206607
16.44 | 164.41 | 0.0329 | 7.212954
16.49 | 164.86 | 0.0330 | 7.219284
16.53 | 165.32 | 0.0331 | 7.225597
16.58 | 165.77 | 0.0332 | 7.231893
16.62 | 166.22 | 0.0332 | 7.238172
16.67 | 166.67 | 0.0333 | 7.244435
16.71 | 167.12 | 0.0334 | 7.250682
16.76 | 167.57 | 0.0335 | 7.256912
16.80 | 168.02 | 0.0336 | 7.263126
16.85 | 168.47 | 0.0337 | 7.269323
16.89 | 168.92 | 0.0338 | 7.275504
16.94 | 169.37 | 0.0339 | 7.281670
16.98 | 169.82 | 0.0340 | 7.287819
17.03 | 170.27 | 0.0341 | 7.293952
17.07 | 170.72 | 0.0341 | 7.300070
17.12 | 171.17 | 0.0342 | 7.306172
17.16 | 171.62 | 0.0343 | 7.312258
17.21 | 172.07 | 0.0344 | 7.318328
17.25 | 172.52 | 0.0345 | 7.324384
17.30 | 172.97 | 0.0346 | 7.330423
17.34 | 173.42 | 0.0347 | 7.336448
17.39 | 173.87 | 0.0348 | 7.342457
17.43 | 174.32 | 0.0349 | 7.348451
17.48 | 174.77 | 0.0350 | 7.354430
17.52 | 175.23 | 0.0350 | 7.360393
17.57 | 175.68 | 0.0351 | 7.366342
17.61 | 176.13 | 0.0352 | 7.372276
17.66 | 176.58 | 0.0353 | 7.378196
17.70 | 177.03 | 0.0354 | 7.384100
17.75 | 177.48 | 0.0355 | 7.389990
17.79 | 177.93 | 0.0356 | 7.395865
17.84 | 178.38 | 0.0357 | 7.401726
17.88 | 178.83 | 0.0358 | 7.407572
17.93 | 179.28 | 0.0359 | 7.413404
17.97 | 179.73 | 0.0359 | 7.419222
18.02 | 180.18 | 0.0360 | 7.425026
18.06 | 180.63 | 0.0361 | 7.430815
18.11 | 181.08 | 0.0362 | 7.436590
18.15 | 181.53 | 0.0363 | 7.442351
18.20 | 181.98 | 0.0364 | 7.448099
18.24 | 182.43 | 0.0365 | 7.453832
18.29 | 182.88 | 0.0366 | 7.459552
18.33 | 183.33 | 0.0367 | 7.465258
18.38 | 183.78 | 0.0368 | 7.470950
18.42 | 184.23 | 0.0368 | 7.476628
18.47 | 184.68 | 0.0369 | 7.482293
18.51 | 185.14 | 0.0370 | 7.487945
18.56 | 185.59 | 0.0371 | 7.493583
18.60 | 186.04 | 0.0372 | 7.499208
18.65 | 186.49 | 0.0373 | 7.504820
18.69 | 186.94 | 0.0374 | 7.510418
18.74 | 187.39 | 0.0375 | 7.516003
18.78 | 187.84 | 0.0376 | 7.521575
18.83 | 188.29 | 0.0377 | 7.527134
18.87 | 188.74 | 0.0377 | 7.532680
18.92 | 189.19 | 0.0378 | 7.538213
18.96 | 189.64 | 0.0379 | 7.543734
19.01 | 190.09 | 0.0380 | 7.549241
19.05 | 190.54 | 0.0381 | 7.554736
19.10 | 190.99 | 0.0382 | 7.560218
19.14 | 191.44 | 0.0383 | 7.565688
19.19 | 191.89 | 0.0384 | 7.571144
19.23 | 192.34 | 0.0385 | 7.576589
19.28 | 192.79 | 0.0386 | 7.582021
19.32 | 193.24 | 0.0386 | 7.587440
19.37 | 193.69 | 0.0387 | 7.592848
19.41 | 194.14 | 0.0388 | 7.598243
19.46 | 194.59 | 0.0389 | 7.603626
19.50 | 195.05 | 0.0390 | 7.608996
19.55 | 195.50 | 0.0391 | 7.614355
19.59 | 195.95 | 0.0392 | 7.619701
19.64 | 196.40 | 0.0393 | 7.625036
19.68 | 196.85 | 0.0394 | 7.630358
19.73 | 197.30 | 0.0395 | 7.635669
19.77 | 197.75 | 0.0395 | 7.640968
19.82 | 198.20 | 0.0396 | 7.646255
19.86 | 198.65 | 0.0397 | 7.651530
19.91 | 199.10 | 0.0398 | 7.656794
19.95 | 199.55 | 0.0399 | 7.662046
20.00 | 200.00 | 0.0400 | 7.667287
20.05 | 200.45 | 0.0401 | 7.672515
20.09 | 200.90 | 0.0402 | 7.677733
20.14 | 201.35 | 0.0403 | 7.682939
20.18 | 201.80 | 0.0404 | 7.688134
20.23 | 202.25 | 0.0405 | 7.693317
20.27 | 202.70 | 0.0405 | 7.698489
20.32 | 203.15 | 0.0406 | 7.703650
20.36 | 203.60 | 0.0407 | 7.708800
20.41 | 204.05 | 0.0408 | 7.713939
20.45 | 204.50 | 0.0409 | 7.719066
20.50 | 204.95 | 0.0410 | 7.724183
20.54 | 205.41 | 0.0411 | 7.729288
20.59 | 205.86 | 0.0412 | 7.734383
20.63 | 206.31 | 0.0413 | 7.739467
20.68 | 206.76 | 0.0414 | 7.744540
20.72 | 207.21 | 0.0414 | 7.749602
20.77 | 207.66 | 0.0415 | 7.754653
20.81 | 208.11 | 0.0416 | 7.759694
20.86 | 208.56 | 0.0417 | 7.764724
20.90 | 209.01 | 0.0418 | 7.769743
20.95 | 209.46 | 0.0419 | 7.774752
20.99 | 209.91 | 0.0420 | 7.779751
21.04 | 210.36 | 0.0421 | 7.784739
21.08 | 210.81 | 0.0422 | 7.789716
21.13 | 211.26 | 0.0423 | 7.794683
21.17 | 211.71 | 0.0423 | 7.799640
21.22 | 212.16 | 0.0424 | 7.804586
21.26 | 212.61 | 0.0425 | 7.809523
21.31 | 213.06 | 0.0426 | 7.814449
21.35 | 213.51 | 0.0427 | 7.819365
21.40 | 213.96 | 0.0428 | 7.824270
21.44 | 214.41 | 0.0429 | 7.829166
21.49 | 214.86 | 0.0430 | 7.834052
21.53 | 215.32 | 0.0431 | 7.838927
21.58 | 215.77 | 0.0432 | 7.843793
21.62 | 216.22 | 0.0432 | 7.848649
21.67 | 216.67 | 0.0433 | 7.853494
21.71 | 217.12 | 0.0434 | 7.858330
21.76 | 217.57 | 0.0435 | 7.863157
21.80 | 218.02 | 0.0436 | 7.867973
21.85 | 218.47 | 0.0437 | 7.872780
21.89 | 218.92 | 0.0438 | 7.877577
21.94 | 219.37 | 0.0439 | 7.882365
21.98 | 219.82 | 0.0440 | 7.887142
22.03 | 220.27 | 0.0441 | 7.891911
22.07 | 220.72 | 0.0441 | 7.896670
22.12 | 221.17 | 0.0442 | 7.901419
22.16 | 221.62 | 0.0443 | 7.906159
22.21 | 222.07 | 0.0444 | 7.910889
22.25 | 222.52 | 0.0445 | 7.915610
22.30 | 222.97 | 0.0446 | 7.920322
22.34 | 223.42 | 0.0447 | 7.925025
22.39 | 223.87 | 0.0448 | 7.929718
22.43 | 224.32 | 0.0449 | 7.934402
22.48 | 224.77 | 0.0450 | 7.939077
22.52 | 225.23 | 0.0450 | 7.943742
22.57 | 225.68 | 0.0451 | 7.948399
22.61 | 226.13 | 0.0452 | 7.953046
22.66 | 226.58 | 0.0453 | 7.957685
22.70 | 227.03 | 0.0454 | 7.962314
22.75 | 227.48 | 0.0455 | 7.966935
22.79 | 227.93 | 0.0456 | 7.971546
22.84 | 228.38 | 0.0457 | 7.976149
22.88 | 228.83 | 0.0458 | 7.980743
22.93 | 229.28 | 0.0459 | 7.985328
22.97 | 229.73 | 0.0459 | 7.989904
23.02 | 230.18 | 0.0460 | 7.994471
23.06 | 230.63 | 0.0461 | 7.999030
23.11 | 231.08 | 0.0462 | 8.003580
23.15 | 231.53 | 0.0463 | 8.008121
23.20 | 231.98 | 0.0464 | 8.012654
23.24 | 232.43 | 0.0465 | 8.017178
23.29 | 232.88 | 0.0466 | 8.021694
23.33 | 233.33 | 0.0467 | 8.026201
23.38 | 233.78 | 0.0468 | 8.030700
23.42 | 234.23 | 0.0468 | 8.035190
23.47 | 234.68 | 0.0469 | 8.039671
23.51 | 235.14 | 0.0470 | 8.044145
23.56 | 235.59 | 0.0471 | 8.048609
23.60 | 236.04 | 0.0472 | 8.053066
23.65 | 236.49 | 0.0473 | 8.057514
23.69 | 236.94 | 0.0474 | 8.061954
23.74 | 237.39 | 0.0475 | 8.066386
23.78 | 237.84 | 0.0476 | 8.070810
23.83 | 238.29 | 0.0477 | 8.075225
23.87 | 238.74 | 0.0477 | 8.079632
23.92 | 239.19 | 0.0478 | 8.084031
23.96 | 239.64 | 0.0479 | 8.088422
24.01 | 240.09 | 0.0480 | 8.092805
24.05 | 240.54 | 0.0481 | 8.097180
24.10 | 240.99 | 0.0482 | 8.101547
24.14 | 241.44 | 0.0483 | 8.105906
24.19 | 241.89 | 0.0484 | 8.110257
24.23 | 242.34 | 0.0485 | 8.114600
24.28 | 242.79 | 0.0486 | 8.118936
24.32 | 243.24 | 0.0486 | 8.123263
24.37 | 243.69 | 0.0487 | 8.127582
24.41 | 244.14 | 0.0488 | 8.131894
24.46 | 244.59 | 0.0489 | 8.136198
24.50 | 245.05 | 0.0490 | 8.140495
24.55 | 245.50 | 0.0491 | 8.144783
24.59 | 245.95 | 0.0492 | 8.149064
24.64 | 246.40 | 0.0493 | 8.153337
24.68 | 246.85 | 0.0494 | 8.157603
24.73 | 247.30 | 0.0495 | 8.161861
24.77 | 247.75 | 0.0495 | 8.166111
24.82 | 248.20 | 0.0496 | 8.170354
24.86 | 248.65 | 0.0497 | 8.174590
24.91 | 249.10 | 0.0498 | 8.178817
24.95 | 249.55 | 0.0499 | 8.183038
25.00 | 250.00 | 0.0500 | 8.187251
25.05 | 250.45 | 0.0501 | 8.191456
25.09 | 250.90 | 0.0502 | 8.195655
25.14 | 251.35 | 0.0503 | 8.199845
25.18 | 251.80 | 0.0504 | 8.204029
25.23 | 252.25 | 0.0505 | 8.208205
25.27 | 252.70 | 0.0505 | 8.212374
25.32 | 253.15 | 0.0506 | 8.216536
25.36 | 253.60 | 0.0507 | 8.220690
25.41 | 254.05 | 0.0508 | 8.224837
25.45 | 254.50 | 0.0509 | 8.228977
25.50 | 254.95 | 0.0510 | 8.233110
25.54 | 255.41 | 0.0511 | 8.237236
25.59 | 255.86 | 0.0512 | 8.241355
25.63 | 256.31 | 0.0513 | 8.245466
25.68 | 256.76 | 0.0514 | 8.249571
25.72 | 257.21 | 0.0514 | 8.253669
25.77 | 257.66 | 0.0515 | 8.257759
25.81 | 258.11 | 0.0516 | 8.261843
25.86 | 258.56 | 0.0517 | 8.265919
25.90 | 259.01 | 0.0518 | 8.269989
25.95 | 259.46 | 0.0519 | 8.274052
25.99 | 259.91 | 0.0520 | 8.278107
26.04 | 260.36 | 0.0521 | 8.282156
26.08 | 260.81 | 0.0522 | 8.286199
26.13 | 261.26 | 0.0523 | 8.290234
26.17 | 261.71 | 0.0523 | 8.294263
26.22 | 262.16 | 0.0524 | 8.298284
26.26 | 262.61 | 0.0525 | 8.302299
26.31 | 263.06 | 0.0526 | 8.306308
26.35 | 263.51 | 0.0527 | 8.310309
26.40 | 263.96 | 0.0528 | 8.314304
26.44 | 264.41 | 0.0529 | 8.318293
26.49 | 264.86 | 0.0530 | 8.322274
26.53 | 265.32 | 0.0531 | 8.326249
26.58 | 265.77 | 0.0532 | 8.330218
26.62 | 266.22 | 0.0532 | 8.334180
26.67 | 266.67 | 0.0533 | 8.338135
26.71 | 267.12 | 0.0534 | 8.342084
26.76 | 267.57 | 0.0535 | 8.346026
26.80 | 268.02 | 0.0536 | 8.349962
26.85 | 268.47 | 0.0537 | 8.353892
26.89 | 268.92 | 0.0538 | 8.357815
26.94 | 269.37 | 0.0539 | 8.361731
26.98 | 269.82 | 0.0540 | 8.365641
27.03 | 270.27 | 0.0541 | 8.369545
27.07 | 270.72 | 0.0541 | 8.373443
27.12 | 271.17 | 0.0542 | 8.377334
27.16 | 271.62 | 0.0543 | 8.381219
27.21 | 272.07 | 0.0544 | 8.385097
27.25 | 272.52 | 0.0545 | 8.388969
27.30 | 272.97 | 0.0546 | 8.392836
27.34 | 273.42 | 0.0547 | 8.396695
27.39 | 273.87 | 0.0548 | 8.400549
27.43 | 274.32 | 0.0549 | 8.404396
27.48 | 274.77 | 0.0550 | 8.408238
27.52 | 275.23 | 0.0550 | 8.412073
27.57 | 275.68 | 0.0551 | 8.415902
27.61 | 276.13 | 0.0552 | 8.419725
27.66 | 276.58 | 0.0553 | 8.423541
27.70 | 277.03 | 0.0554 | 8.427352
27.75 | 277.48 | 0.0555 | 8.431157
27.79 | 277.93 | 0.0556 | 8.434955
27.84 | 278.38 | 0.0557 | 8.438748
27.88 | 278.83 | 0.0558 | 8.442535
27.93 | 279.28 | 0.0559 | 8.446316
27.97 | 279.73 | 0.0559 | 8.450090
28.02 | 280.18 | 0.0560 | 8.453859
28.06 | 280.63 | 0.0561 | 8.457622
28.11 | 281.08 | 0.0562 | 8.461379
28.15 | 281.53 | 0.0563 | 8.465130
28.20 | 281.98 | 0.0564 | 8.468875
28.24 | 282.43 | 0.0565 | 8.472615
28.29 | 282.88 | 0.0566 | 8.476349
28.33 | 283.33 | 0.0567 | 8.480076
28.38 | 283.78 | 0.0568 | 8.483798
28.42 | 284.23 | 0.0568 | 8.487515
28.47 | 284.68 | 0.0569 | 8.491225
28.51 | 285.14 | 0.0570 | 8.494930
28.56 | 285.59 | 0.0571 | 8.498629
28.60 | 286.04 | 0.0572 | 8.502323
28.65 | 286.49 | 0.0573 | 8.506010
28.69 | 286.94 | 0.0574 | 8.509692
28.74 | 287.39 | 0.0575 | 8.513369
28.78 | 287.84 | 0.0576 | 8.517040
28.83 | 288.29 | 0.0577 | 8.520705
28.87 | 288.74 | 0.0577 | 8.524365
28.92 | 289.19 | 0.0578 | 8.528019
28.96 | 289.64 | 0.0579 | 8.531667
29.01 | 290.09 | 0.0580 | 8.535310
29.05 | 290.54 | 0.0581 | 8.538948
29.10 | 290.99 | 0.0582 | 8.542580
29.14 | 291.44 | 0.0583 | 8.546206
29.19 | 291.89 | 0.0584 | 8.549827
29.23 | 292.34 | 0.0585 | 8.553443
29.28 | 292.79 | 0.0586 | 8.557053
29.32 | 293.24 | 0.0586 | 8.560657
29.37 | 293.69 | 0.0587 | 8.564257
29.41 | 294.14 | 0.0588 | 8.567851
29.46 | 294.59 | 0.0589 | 8.571439
29.50 | 295.05 | 0.0590 | 8.575022
29.55 | 295.50 | 0.0591 | 8.578600
29.59 | 295.95 | 0.0592 | 8.582173
29.64 | 296.40 | 0.0593 | 8.585740
29.68 | 296.85 | 0.0594 | 8.589302
29.73 | 297.30 | 0.0595 | 8.592859
29.77 | 297.75 | 0.0595 | 8.596410
29.82 | 298.20 | 0.0596 | 8.599956
29.86 | 298.65 | 0.0597 | 8.603497
29.91 | 299.10 | 0.0598 | 8.607033
29.95 | 299.55 | 0.0599 | 8.610564
30.00 | 300.00 | 0.0600 | 8.614089
30.05 | 300.45 | 0.0601 | 8.617609
30.09 | 300.90 | 0.0602 | 8.621124
30.14 | 301.35 | 0.0603 | 8.624634
30.18 | 301.80 | 0.0604 | 8.628139
30.23 | 302.25 | 0.0605 | 8.631639
30.27 | 302.70 | 0.0605 | 8.635134
30.32 | 303.15 | 0.0606 | 8.638623
30.36 | 303.60 | 0.0607 | 8.642108
30.41 | 304.05 | 0.0608 | 8.645587
30.45 | 304.50 | 0.0609 | 8.649062
30.50 | 304.95 | 0.0610 | 8.652531
30.54 | 305.41 | 0.0611 | 8.655995
30.59 | 305.86 | 0.0612 | 8.659455
30.63 | 306.31 | 0.0613 | 8.662909
30.68 | 306.76 | 0.0614 | 8.666359
30.72 | 307.21 | 0.0614 | 8.669804
30.77 | 307.66 | 0.0615 | 8.673243
30.81 | 308.11 | 0.0616 | 8.676678
30.86 | 308.56 | 0.0617 | 8.680108
30.90 | 309.01 | 0.0618 | 8.683533
30.95 | 309.46 | 0.0619 | 8.686953
30.99 | 309.91 | 0.0620 | 8.690368
31.04 | 310.36 | 0.0621 | 8.693779
31.08 | 310.81 | 0.0622 | 8.697184
31.13 | 311.26 | 0.0623 | 8.700585
31.17 | 311.71 | 0.0623 | 8.703981
31.22 | 312.16 | 0.0624 | 8.707372
31.26 | 312.61 | 0.0625 | 8.710759
31.31 | 313.06 | 0.0626 | 8.714141
31.35 | 313.51 | 0.0627 | 8.717517
31.40 | 313.96 | 0.0628 | 8.720890
31.44 | 314.41 | 0.0629 | 8.724257
31.49 | 314.86 | 0.0630 | 8.727620
31.53 | 315.32 | 0.0631 | 8.730978
31.58 | 315.77 | 0.0632 | 8.734332
31.62 | 316.22 | 0.0632 | 8.737680
31.67 | 316.67 | 0.0633 | 8.741024
31.71 | 317.12 | 0.0634 | 8.744364
31.76 | 317.57 | 0.0635 | 8.747699
31.80 | 318.02 | 0.0636 | 8.751029
31.85 | 318.47 | 0.0637 | 8.754355
31.89 | 318.92 | 0.0638 | 8.757676
31.94 | 319.37 | 0.0639 | 8.760992
31.98 | 319.82 | 0.0640 | 8.764304
32.03 | 320.27 | 0.0641 | 8.767612
32.07 | 320.72 | 0.0641 | 8.770914
32.12 | 321.17 | 0.0642 | 8.774213
32.16 | 321.62 | 0.0643 | 8.777507
32.21 | 322.07 | 0.0644 | 8.780796
32.25 | 322.52 | 0.0645 | 8.784081
32.30 | 322.97 | 0.0646 | 8.787361
32.34 | 323.42 | 0.0647 | 8.790637
32.39 | 323.87 | 0.0648 | 8.793909
32.43 | 324.32 | 0.0649 | 8.797176
32.48 | 324.77 | 0.0650 | 8.800438
32.52 | 325.23 | 0.0650 | 8.803696
32.57 | 325.68 | 0.0651 | 8.806950
32.61 | 326.13 | 0.0652 | 8.810200
32.66 | 326.58 | 0.0653 | 8.813445
32.70 | 327.03 | 0.0654 | 8.816685
32.75 | 327.48 | 0.0655 | 8.819922
32.79 | 327.93 | 0.0656 | 8.823154
32.84 | 328.38 | 0.0657 | 8.826381
32.88 | 328.83 | 0.0658 | 8.829605
32.93 | 329.28 | 0.0659 | 8.832824
32.97 | 329.73 | 0.0659 | 8.836039
33.02 | 330.18 | 0.0660 | 8.839249
33.06 | 330.63 | 0.0661 | 8.842455
33.11 | 331.08 | 0.0662 | 8.845657
33.15 | 331.53 | 0.0663 | 8.848855
33.20 | 331.98 | 0.0664 | 8.852049
33.24 | 332.43 | 0.0665 | 8.855238
33.29 | 332.88 | 0.0666 | 8.858423
33.33 | 333.33 | 0.0667 | 8.861604
33.38 | 333.78 | 0.0668 | 8.864780
33.42 | 334.23 | 0.0668 | 8.867953
33.47 | 334.68 | 0.0669 | 8.871121
33.51 | 335.14 | 0.0670 | 8.874285
33.56 | 335.59 | 0.0671 | 8.877445
33.60 | 336.04 | 0.0672 | 8.880601
33.65 | 336.49 | 0.0673 | 8.883753
33.69 | 336.94 | 0.0674 | 8.886901
33.74 | 337.39 | 0.0675 | 8.890044
33.78 | 337.84 | 0.0676 | 8.893184
33.83 | 338.29 | 0.0677 | 8.896319
33.87 | 338.74 | 0.0677 | 8.899451
33.92 | 339.19 | 0.0678 | 8.902578
33.96 | 339.64 | 0.0679 | 8.905701
34.01 | 340.09 | 0.0680 | 8.908820
34.05 | 340.54 | 0.0681 | 8.911935
34.10 | 340.99 | 0.0682 | 8.915047
34.14 | 341.44 | 0.0683 | 8.918154
34.19 | 341.89 | 0.0684 | 8.921257
34.23 | 342.34 | 0.0685 | 8.924356
34.28 | 342.79 | 0.0686 | 8.927451
34.32 | 343.24 | 0.0686 | 8.930543
34.37 | 343.69 | 0.0687 | 8.933630
34.41 | 344.14 | 0.0688 | 8.936713
34.46 | 344.59 | 0.0689 | 8.939793
34.50 | 345.05 | 0.0690 | 8.942868
34.55 | 345.50 | 0.0691 | 8.945940
34.59 | 345.95 | 0.0692 | 8.949008
34.64 | 346.40 | 0.0693 | 8.952071
34.68 | 346.85 | 0.0694 | 8.955131
34.73 | 347.30 | 0.0695 | 8.958187
34.77 | 347.75 | 0.0695 | 8.961240
34.82 | 348.20 | 0.0696 | 8.964288
34.86 | 348.65 | 0.0697 | 8.967333
34.91 | 349.10 | 0.0698 | 8.970373
34.95 | 349.55 | 0.0699 | 8.973410
35.00 | 350.00 | 0.0700 | 8.976443
35.05 | 350.45 | 0.0701 | 8.979472
35.09 | 350.90 | 0.0702 | 8.982498
35.14 | 351.35 | 0.0703 | 8.985520
35.18 | 351.80 | 0.0704 | 8.988537
35.23 | 352.25 | 0.0705 | 8.991552
35.27 | 352.70 | 0.0705 | 8.994562
35.32 | 353.15 | 0.0706 | 8.997569
35.36 | 353.60 | 0.0707 | 9.000572
35.41 | 354.05 | 0.0708 | 9.003571
35.45 | 354.50 | 0.0709 | 9.006566
35.50 | 354.95 | 0.0710 | 9.009558
35.54 | 355.41 | 0.0711 | 9.012546
35.59 | 355.86 | 0.0712 | 9.015531
35.63 | 356.31 | 0.0713 | 9.018511
35.68 | 356.76 | 0.0714 | 9.021488
35.72 | 357.21 | 0.0714 | 9.024462
35.77 | 357.66 | 0.0715 | 9.027431
35.81 | 358.11 | 0.0716 | 9.030398
35.86 | 358.56 | 0.0717 | 9.033360
35.90 | 359.01 | 0.0718 | 9.036319
35.95 | 359.46 | 0.0719 | 9.039274
35.99 | 359.91 | 0.0720 | 9.042226
36.04 | 360.36 | 0.0721 | 9.045174
36.08 | 360.81 | 0.0722 | 9.048118
36.13 | 361.26 | 0.0723 | 9.051059
36.17 | 361.71 | 0.0723 | 9.053996
36.22 | 362.16 | 0.0724 | 9.056930
36.26 | 362.61 | 0.0725 | 9.059860
36.31 | 363.06 | 0.0726 | 9.062787
36.35 | 363.51 | 0.0727 | 9.065710
36.40 | 363.96 | 0.0728 | 9.068630
36.44 | 364.41 | 0.0729 | 9.071546
36.49 | 364.86 | 0.0730 | 9.074458
36.53 | 365.32 | 0.0731 | 9.077367
36.58 | 365.77 | 0.0732 | 9.080273
36.62 | 366.22 | 0.0732 | 9.083175
36.67 | 366.67 | 0.0733 | 9.086074
36.71 | 367.12 | 0.0734 | 9.088969
36.76 | 367.57 | 0.0735 | 9.091860
36.80 | 368.02 | 0.0736 | 9.094749
36.85 | 368.47 | 0.0737 | 9.097633
36.89 | 368.92 | 0.0738 | 9.100515
36.94 | 369.37 | 0.0739 | 9.103393
36.98 | 369.82 | 0.0740 | 9.106267
37.03 | 370.27 | 0.0741 | 9.109138
37.07 | 370.72 | 0.0741 | 9.112006
37.12 | 371.17 | 0.0742 | 9.114871
37.16 | 371.62 | 0.0743 | 9.117732
37.21 | 372.07 | 0.0744 | 9.120589
37.25 | 372.52 | 0.0745 | 9.123443
37.30 | 372.97 | 0.0746 | 9.126294
37.34 | 373.42 | 0.0747 | 9.129142
37.39 | 373.87 | 0.0748 | 9.131986
37.43 | 374.32 | 0.0749 | 9.134827
37.48 | 374.77 | 0.0750 | 9.137664
37.52 | 375.23 | 0.0750 | 9.140498
37.57 | 375.68 | 0.0751 | 9.143329
37.61 | 376.13 | 0.0752 | 9.146157
37.66 | 376.58 | 0.0753 | 9.148981
37.70 | 377.03 | 0.0754 | 9.151802
37.75 | 377.48 | 0.0755 | 9.154620
37.79 | 377.93 | 0.0756 | 9.157434
37.84 | 378.38 | 0.0757 | 9.160246
37.88 | 378.83 | 0.0758 | 9.163053
37.93 | 379.28 | 0.0759 | 9.165858
37.97 | 379.73 | 0.0759 | 9.168660
38.02 | 380.18 | 0.0760 | 9.171458
38.06 | 380.63 | 0.0761 | 9.174253
38.11 | 381.08 | 0.0762 | 9.177045
38.15 | 381.53 | 0.0763 | 9.179833
38.20 | 381.98 | 0.0764 | 9.182619
38.24 | 382.43 | 0.0765 | 9.185401
38.29 | 382.88 | 0.0766 | 9.188180
38.33 | 383.33 | 0.0767 | 9.190955
38.38 | 383.78 | 0.0768 | 9.193728
38.42 | 384.23 | 0.0768 | 9.196498
38.47 | 384.68 | 0.0769 | 9.199264
38.51 | 385.14 | 0.0770 | 9.202027
38.56 | 385.59 | 0.0771 | 9.204787
38.60 | 386.04 | 0.0772 | 9.207544
38.65 | 386.49 | 0.0773 | 9.210298
38.69 | 386.94 | 0.0774 | 9.213048
38.74 | 387.39 | 0.0775 | 9.215796
38.78 | 387.84 | 0.0776 | 9.218540
38.83 | 388.29 | 0.0777 | 9.221282
38.87 | 388.74 | 0.0777 | 9.224020
38.92 | 389.19 | 0.0778 | 9.226755
38.96 | 389.64 | 0.0779 | 9.229487
39.01 | 390.09 | 0.0780 | 9.232216
39.05 | 390.54 | 0.0781 | 9.234942
39.10 | 390.99 | 0.0782 | 9.237665
39.14 | 391.44 | 0.0783 | 9.240385
39.19 | 391.89 | 0.0784 | 9.243101
39.23 | 392.34 | 0.0785 | 9.245815
39.28 | 392.79 | 0.0786 | 9.248526
39.32 | 393.24 | 0.0786 | 9.251234
39.37 | 393.69 | 0.0787 | 9.253938
39.41 | 394.14 | 0.0788 | 9.256640
39.46 | 394.59 | 0.0789 | 9.259339
39.50 | 395.05 | 0.0790 | 9.262034
39.55 | 395.50 | 0.0791 | 9.264727
39.59 | 395.95 | 0.0792 | 9.267417
39.64 | 396.40 | 0.0793 | 9.270103
39.68 | 396.85 | 0.0794 | 9.272787
39.73 | 397.30 | 0.0795 | 9.275468
39.77 | 397.75 | 0.0795 | 9.278146
39.82 | 398.20 | 0.0796 | 9.280821
39.86 | 398.65 | 0.0797 | 9.283493
39.91 | 399.10 | 0.0798 | 9.286162
39.95 | 399.55 | 0.0799 | 9.288828
40.00 | 400.00 | 0.0800 | 9.291491
40.05 | 400.45 | 0.0801 | 9.294151
40.09 | 400.90 | 0.0802 | 9.296808
40.14 | 401.35 | 0.0803 | 9.299463
40.18 | 401.80 | 0.0804 | 9.302114
40.23 | 402.25 | 0.0805 | 9.304763
40.27 | 402.70 | 0.0805 | 9.307409
40.32 | 403.15 | 0.0806 | 9.310052
40.36 | 403.60 | 0.0807 | 9.312692
40.41 | 404.05 | 0.0808 | 9.315329
40.45 | 404.50 | 0.0809 | 9.317963
40.50 | 404.95 | 0.0810 | 9.320595
40.54 | 405.41 | 0.0811 | 9.323223
40.59 | 405.86 | 0.0812 | 9.325849
40.63 | 406.31 | 0.0813 | 9.328472
40.68 | 406.76 | 0.0814 | 9.331092
40.72 | 407.21 | 0.0814 | 9.333710
40.77 | 407.66 | 0.0815 | 9.336324
40.81 | 408.11 | 0.0816 | 9.338936
40.86 | 408.56 | 0.0817 | 9.341545
40.90 | 409.01 | 0.0818 | 9.344151
40.95 | 409.46 | 0.0819 | 9.346754
40.99 | 409.91 | 0.0820 | 9.349355
41.04 | 410.36 | 0.0821 | 9.351952
41.08 | 410.81 | 0.0822 | 9.354547
41.13 | 411.26 | 0.0823 | 9.357139
41.17 | 411.71 | 0.0823 | 9.359729
41.22 | 412.16 | 0.0824 | 9.362316
41.26 | 412.61 | 0.0825 | 9.364900
41.31 | 413.06 | 0.0826 | 9.367481
41.35 | 413.51 | 0.0827 | 9.370059
41.40 | 413.96 | 0.0828 | 9.372635
41.44 | 414.41 | 0.0829 | 9.375208
41.49 | 414.86 | 0.0830 | 9.377778
41.53 | 415.32 | 0.0831 | 9.380346
41.58 | 415.77 | 0.0832 | 9.382911
41.62 | 416.22 | 0.0832 | 9.385473
41.67 | 416.67 | 0.0833 | 9.388033
41.71 | 417.12 | 0.0834 | 9.390589
41.76 | 417.57 | 0.0835 | 9.393143
41.80 | 418.02 | 0.0836 | 9.395695
41.85 | 418.47 | 0.0837 | 9.398244
41.89 | 418.92 | 0.0838 | 9.400790
41.94 | 419.37 | 0.0839 | 9.403333
41.98 | 419.82 | 0.0840 | 9.405874
42.03 | 420.27 | 0.0841 | 9.408412
42.07 | 420.72 | 0.0841 | 9.410948
42.12 | 421.17 | 0.0842 | 9.413481
42.16 | 421.62 | 0.0843 | 9.416011
42.21 | 422.07 | 0.0844 | 9.418539
42.25 | 422.52 | 0.0845 | 9.421064
42.30 | 422.97 | 0.0846 | 9.423586
42.34 | 423.42 | 0.0847 | 9.426106
42.39 | 423.87 | 0.0848 | 9.428623
42.43 | 424.32 | 0.0849 | 9.431138
42.48 | 424.77 | 0.0850 | 9.433650
42.52 | 425.23 | 0.0850 | 9.436159
42.57 | 425.68 | 0.0851 | 9.438666
42.61 | 426.13 | 0.0852 | 9.441170
42.66 | 426.58 | 0.0853 | 9.443672
42.70 | 427.03 | 0.0854 | 9.446171
42.75 | 427.48 | 0.0855 | 9.448667
42.79 | 427.93 | 0.0856 | 9.451161
42.84 | 428.38 | 0.0857 | 9.453653
42.88 | 428.83 | 0.0858 | 9.456142
42.93 | 429.28 | 0.0859 | 9.458628
42.97 | 429.73 | 0.0859 | 9.461112
43.02 | 430.18 | 0.0860 | 9.463593
43.06 | 430.63 | 0.0861 | 9.466072
43.11 | 431.08 | 0.0862 | 9.468548
43.15 | 431.53 | 0.0863 | 9.471022
43.20 | 431.98 | 0.0864 | 9.473494
43.24 | 432.43 | 0.0865 | 9.475962
43.29 | 432.88 | 0.0866 | 9.478429
43.33 | 433.33 | 0.0867 | 9.480892
43.38 | 433.78 | 0.0868 | 9.483354
43.42 | 434.23 | 0.0868 | 9.485812
43.47 | 434.68 | 0.0869 | 9.488269
43.51 | 435.14 | 0.0870 | 9.490723
43.56 | 435.59 | 0.0871 | 9.493174
43.60 | 436.04 | 0.0872 | 9.495623
43.65 | 436.49 | 0.0873 | 9.498069
43.69 | 436.94 | 0.0874 | 9.500513
43.74 | 437.39 | 0.0875 | 9.502955
43.78 | 437.84 | 0.0876 | 9.505394
43.83 | 438.29 | 0.0877 | 9.507831
43.87 | 438.74 | 0.0877 | 9.510265
43.92 | 439.19 | 0.0878 | 9.512697
43.96 | 439.64 | 0.0879 | 9.515126
44.01 | 440.09 | 0.0880 | 9.517553
44.05 | 440.54 | 0.0881 | 9.519978
44.10 | 440.99 | 0.0882 | 9.522400
44.14 | 441.44 | 0.0883 | 9.524820
44.19 | 441.89 | 0.0884 | 9.527238
44.23 | 442.34 | 0.0885 | 9.529653
44.28 | 442.79 | 0.0886 | 9.532065
44.32 | 443.24 | 0.0886 | 9.534475
44.37 | 443.69 | 0.0887 | 9.536883
44.41 | 444.14 | 0.0888 | 9.539289
44.46 | 444.59 | 0.0889 | 9.541692
44.50 | 445.05 | 0.0890 | 9.544093
44.55 | 445.50 | 0.0891 | 9.546491
44.59 | 445.95 | 0.0892 | 9.548887
44.64 | 446.40 | 0.0893 | 9.551281
44.68 | 446.85 | 0.0894 | 9.553672
44.73 | 447.30 | 0.0895 | 9.556061
44.77 | 447.75 | 0.0895 | 9.558448
44.82 | 448.20 | 0.0896 | 9.560832
44.86 | 448.65 | 0.0897 | 9.563214
44.91 | 449.10 | 0.0898 | 9.565594
44.95 | 449.55 | 0.0899 | 9.567972
45.00 | 450.00 | 0.0900 | 9.570347
45.05 | 450.45 | 0.0901 | 9.572719
45.09 | 450.90 | 0.0902 | 9.575090
45.14 | 451.35 | 0.0903 | 9.577458
45.18 | 451.80 | 0.0904 | 9.579824
45.23 | 452.25 | 0.0905 | 9.582188
45.27 | 452.70 | 0.0905 | 9.584549
45.32 | 453.15 | 0.0906 | 9.586908
45.36 | 453.60 | 0.0907 | 9.589265
45.41 | 454.05 | 0.0908 | 9.591619
45.45 | 454.50 | 0.0909 | 9.593972
45.50 | 454.95 | 0.0910 | 9.596322
45.54 | 455.41 | 0.0911 | 9.598669
45.59 | 455.86 | 0.0912 | 9.601015
45.63 | 456.31 | 0.0913 | 9.603358
45.68 | 456.76 | 0.0914 | 9.605699
45.72 | 457.21 | 0.0914 | 9.608038
45.77 | 457.66 | 0.0915 | 9.610374
45.81 | 458.11 | 0.0916 | 9.612709
45.86 | 458.56 | 0.0917 | 9.615041
45.90 | 459.01 | 0.0918 | 9.617370
45.95 | 459.46 | 0.0919 | 9.619698
45.99 | 459.91 | 0.0920 | 9.622024
46.04 | 460.36 | 0.0921 | 9.624347
46.08 | 460.81 | 0.0922 | 9.626668
46.13 | 461.26 | 0.0923 | 9.628987
46.17 | 461.71 | 0.0923 | 9.631303
46.22 | 462.16 | 0.0924 | 9.633618
46.26 | 462.61 | 0.0925 | 9.635930
46.31 | 463.06 | 0.0926 | 9.638240
46.35 | 463.51 | 0.0927 | 9.640548
46.40 | 463.96 | 0.0928 | 9.642853
46.44 | 464.41 | 0.0929 | 9.645157
46.49 | 464.86 | 0.0930 | 9.647458
46.53 | 465.32 | 0.0931 | 9.649757
46.58 | 465.77 | 0.0932 | 9.652054
46.62 | 466.22 | 0.0932 | 9.654349
46.67 | 466.67 | 0.0933 | 9.656642
46.71 | 467.12 | 0.0934 | 9.658933
46.76 | 467.57 | 0.0935 | 9.661221
46.80 | 468.02 | 0.0936 | 9.663507
46.85 | 468.47 | 0.0937 | 9.665792
46.89 | 468.92 | 0.0938 | 9.668074
46.94 | 469.37 | 0.0939 | 9.670354
46.98 | 469.82 | 0.0940 | 9.672631
47.03 | 470.27 | 0.0941 | 9.674907
47.07 | 470.72 | 0.0941 | 9.677181
47.12 | 471.17 | 0.0942 | 9.679452
47.16 | 471.62 | 0.0943 | 9.681721
47.21 | 472.07 | 0.0944 | 9.683989
47.25 | 472.52 | 0.0945 | 9.686254
47.30 | 472.97 | 0.0946 | 9.688517
47.34 | 473.42 | 0.0947 | 9.690778
47.39 | 473.87 | 0.0948 | 9.693037
47.43 | 474.32 | 0.0949 | 9.695294
47.48 | 474.77 | 0.0950 | 9.697548
47.52 | 475.23 | 0.0950 | 9.699801
47.57 | 475.68 | 0.0951 | 9.702052
47.61 | 476.13 | 0.0952 | 9.704300
47.66 | 476.58 | 0.0953 | 9.706547
47.70 | 477.03 | 0.0954 | 9.708791
47.75 | 477.48 | 0.0955 | 9.711034
47.79 | 477.93 | 0.0956 | 9.713274
47.84 | 478.38 | 0.0957 | 9.715512
47.88 | 478.83 | 0.0958 | 9.717748
47.93 | 479.28 | 0.0959 | 9.719983
47.97 | 479.73 | 0.0959 | 9.722215
48.02 | 480.18 | 0.0960 | 9.724445
48.06 | 480.63 | 0.0961 | 9.726673
48.11 | 481.08 | 0.0962 | 9.728899
48.15 | 481.53 | 0.0963 | 9.731123
48.20 | 481.98 | 0.0964 | 9.733345
48.24 | 482.43 | 0.0965 | 9.735565
48.29 | 482.88 | 0.0966 | 9.737783
48.33 | 483.33 | 0.0967 | 9.739999
48.38 | 483.78 | 0.0968 | 9.742213
48.42 | 484.23 | 0.0968 | 9.744425
48.47 | 484.68 | 0.0969 | 9.746635
48.51 | 485.14 | 0.0970 | 9.748843
48.56 | 485.59 | 0.0971 | 9.751049
48.60 | 486.04 | 0.0972 | 9.753253
48.65 | 486.49 | 0.0973 | 9.755456
48.69 | 486.94 | 0.0974 | 9.757656
48.74 | 487.39 | 0.0975 | 9.759854
48.78 | 487.84 | 0.0976 | 9.762050
48.83 | 488.29 | 0.0977 | 9.764244
48.87 | 488.74 | 0.0977 | 9.766436
48.92 | 489.19 | 0.0978 | 9.768627
48.96 | 489.64 | 0.0979 | 9.770815
49.01 | 490.09 | 0.0980 | 9.773002
49.05 | 490.54 | 0.0981 | 9.775186
49.10 | 490.99 | 0.0982 | 9.777369
49.14 | 491.44 | 0.0983 | 9.779549
49.19 | 491.89 | 0.0984 | 9.781728
49.23 | 492.34 | 0.0985 | 9.783904
49.28 | 492.79 | 0.0986 | 9.786079
49.32 | 493.24 | 0.0986 | 9.788252
49.37 | 493.69 | 0.0987 | 9.790423
49.41 | 494.14 | 0.0988 | 9.792592
49.46 | 494.59 | 0.0989 | 9.794759
49.50 | 495.05 | 0.0990 | 9.796924
49.55 | 495.50 | 0.0991 | 9.799088
49.59 | 495.95 | 0.0992 | 9.801249
49.64 | 496.40 | 0.0993 | 9.803408
49.68 | 496.85 | 0.0994 | 9.805566
49.73 | 497.30 | 0.0995 | 9.807722
49.77 | 497.75 | 0.0995 | 9.809876
49.82 | 498.20 | 0.0996 | 9.812027
49.86 | 498.65 | 0.0997 | 9.814177
49.91 | 499.10 | 0.0998 | 9.816326
49.95 | 499.55 | 0.0999 | 9.818472
50.00 | 500.00 | 0.1000 | 9.820616
