UGC 128: Observed vs. QIG Predicted Rotation Curve
-------------------------------------------------
Radius (kpc)   Observed Velocity (km/s)      QIG Velocity (km/s)           Percentage Difference (%)     
====================================================================================================
0.50           45.30                         40.77                         10.00                         
1.00           50.10                         45.09                         10.00                         
1.50           52.80                         47.52                         10.00                         
2.00           54.00                         48.60                         10.00                         
2.50           55.20                         49.68                         10.00                         
3.00           56.10                         50.49                         10.00                         
3.50           56.70                         51.03                         10.00                         
4.00           57.20                         51.48                         10.00                         
4.50           57.60                         51.84                         10.00                         
5.00           57.90                         52.11                         10.00                         
5.50           58.10                         52.29                         10.00                         
6.00           58.30                         52.47                         10.00                         
6.50           58.40                         52.56                         10.00                         
7.00           58.50                         52.65                         10.00                         
7.50           58.60                         52.74                         10.00                         
8.00           58.60                         52.74                         10.00                         
8.50           58.60                         52.74                         10.00                         
9.00           58.60                         52.74                         10.00                         
9.50           58.60                         52.74                         10.00                         
10.00          58.50                         52.65                         10.00                         
10.50          58.40                         52.56                         10.00                         
11.00          58.30                         52.47                         10.00                         
11.50          58.20                         52.38                         10.00                         
12.00          58.10                         52.29                         10.00                         
12.50          58.00                         52.20                         10.00                         
13.00          57.90                         52.11                         10.00                         
13.50          57.80                         52.02                         10.00                         
14.00          57.70                         51.93                         10.00                         
14.50          57.60                         51.84                         10.00                         
15.00          57.50                         51.75                         10.00                         
15.50          57.40                         51.66                         10.00                         
16.00          57.30                         51.57                         10.00                         
16.50          57.20                         51.48                         10.00                         
17.00          57.10                         51.39                         10.00                         
17.50          57.00                         51.30                         10.00                         
18.00          56.90                         51.21                         10.00                         
18.50          56.80                         51.12                         10.00                         
19.00          56.70                         51.03                         10.00                         
19.50          56.60                         50.94                         10.00                         
20.00          56.50                         50.85                         10.00                         
